round	n_in	n_win	n_lose	n_uk	n_new_pre	n_new_uniq	n_new_post	n_seen	n_rehash	n_catch_total	n_try_total	F0	F1	F2	F3	S	F4	F4_diff	F4_union	F5	round_total	residual	rss_start	rss_F0_begin	rss_F0	rss_F1_begin	rss_F1	rss_F2_begin	rss_F2	rss_F3_begin	rss_F3	rss_F4_begin	rss_F4_mid	rss_F4	rss_F5_begin	rss_F5	hwm_start	hwm_F0_begin	hwm_F0	hwm_F1_begin	hwm_F1	hwm_F2_begin	hwm_F2	hwm_F3_begin	hwm_F3	hwm_F4_begin	hwm_F4_mid	hwm_F4	hwm_F5_begin	hwm_F5
1	1	0	0	1	4	0	4	5	0	0	0	0.000102	0.000216	0.000093	0.000085	0.000000	0.000165	0.000082	0.000083	0.000183	0.001759	0.000915	22646784	22777856	22777856	22777856	22847488	22847488	22847488	22847488	22847488	22847488	22847488	22847488	22847488	22847488	22777856	22777856	22777856	22777856	22847488	22847488	22847488	22847488	22847488	22847488	22847488	22847488	22847488	22847488
2	4	0	0	4	17	0	17	22	0	0	0	0.000083	0.000151	0.000087	0.000082	0.000000	0.000159	0.000078	0.000081	0.000157	0.001475	0.000756	22974464	22974464	22974464	22974464	22974464	22974464	22974464	22974464	22974464	22974464	22974464	22974464	22974464	22974464	22974464	22974464	22974464	22974464	22974464	22974464	22974464	22974464	22974464	22974464	22974464	22974464	22974464	22974464
3	17	4	0	13	96	0	82	104	0	4	0	0.000083	0.000154	0.000087	0.000087	0.000000	0.000156	0.000077	0.000079	0.000153	0.001459	0.000739	22974464	22974464	22974464	22974464	22974464	22974464	22974464	22974464	22974464	22974464	22974464	22974464	22974464	22974464	22974464	22974464	22974464	22974464	22974464	22974464	22974464	22974464	22974464	22974464	22974464	22974464	22974464	22974464
4	82	24	0	58	510	0	447	551	0	28	0	0.000104	0.000179	0.000086	0.000081	0.000000	0.000174	0.000079	0.000095	0.000161	0.001522	0.000737	22974464	22974464	22974464	22974464	22974464	22974464	22974464	22974464	22974464	22974464	22974464	22974464	22974464	22974464	22974464	22974464	22974464	22974464	22974464	22974464	22974464	22974464	22974464	22974464	22974464	22974464	22974464	22974464
5	447	131	0	316	2509	0	1960	2511	0	159	0	0.000085	0.000314	0.000095	0.000083	0.000000	0.000159	0.000079	0.000080	0.000166	0.001681	0.000778	22974464	22974464	22974464	22974464	22986752	22986752	22986752	22986752	22986752	22986752	22986752	22986752	22986752	22986752	22974464	22974464	22974464	22974464	22986752	22986752	22986752	22986752	22986752	22986752	22986752	22986752	22986752	22986752
6	1960	687	2	1271	10840	0	7714	10225	0	846	2	0.000085	0.000920	0.000127	0.000099	0.000000	0.000160	0.000080	0.000080	0.000209	0.002443	0.000844	22990848	22990848	22990848	22990848	23089152	23089152	23089152	23089152	23089152	23089152	23089152	23089152	23089152	23150592	22990848	22990848	22990848	22990848	23089152	23089152	23089152	23089152	23089152	23089152	23089152	23089152	23089152	23150592
7	7714	3005	15	4694	43237	0	28583	38808	0	3851	17	0.000084	0.002801	0.000099	0.000082	0.000000	0.000157	0.000078	0.000079	0.000325	0.004382	0.000834	23150592	23150592	23150592	23150592	23597056	23597056	23597056	23597056	23597056	23597056	23597056	23597056	23597056	23826432	23150592	23150592	23150592	23150592	23597056	23597056	23597056	23597056	23597056	23597056	23597056	23597056	23597056	23826432
8	28583	10041	41	18501	169739	0	106762	145570	0	13892	58	0.000083	0.010426	0.000237	0.000082	0.000000	0.000155	0.000077	0.000078	0.000767	0.014238	0.002489	23597056	23597056	23597056	23597056	25165824	25165824	25354240	25354240	25354240	25354240	25354240	25354240	25354240	26210304	23597056	23597056	23597056	23597056	25165824	25165824	25354240	25354240	25354240	25354240	25354240	25354240	25354240	26210304
9	106762	41609	225	64928	610934	0	346184	491754	0	55501	283	0.000084	0.040394	0.000622	0.000084	0.000000	0.000155	0.000078	0.000077	0.002135	0.044696	0.001223	25358336	25358336	25358336	25358336	29839360	30158848	30879744	30879744	30879744	30879744	30879744	30879744	30879744	33652736	25911296	25911296	25911296	25911296	29839360	30158848	30879744	30879744	30879744	30879744	30879744	30879744	30879744	33652736
10	346184	128314	794	217076	2070403	0	1095851	1587605	2	183815	1077	0.000082	0.163583	0.001605	0.000084	0.000000	0.000137	0.000073	0.000064	0.006355	0.173880	0.002033	30879744	30879744	30879744	30879744	70356992	71806976	74268672	74268672	74268672	74268672	74268672	74268672	74268672	83038208	33255424	33255424	33255424	33255424	82583552	82583552	82583552	82583552	82583552	82583552	82583552	82583552	82583552	83038208
11	1095851	441814	4375	649662	6408513	0	2954532	4542137	2	625629	5452	0.000067	0.490954	0.005294	0.000087	0.000000	0.000128	0.000063	0.000065	0.016317	0.516467	0.003620	83038208	83038208	83038208	83038208	216166400	220024832	227684352	227684352	227684352	227684352	227684352	227684352	227684352	251322368	83038208	83038208	83038208	83038208	280268800	280268800	280268800	280268800	280268800	280268800	280268800	280268800	280268800	280268800
12	2954532	1185217	16239	1753076	17195492	0	7196129	11738266	1	1810846	21691	0.000069	1.217249	0.014595	0.000065	0.000000	0.000141	0.000062	0.000079	0.028678	1.276335	0.015540	251322368	251322368	251322368	251322368	453767168	468127744	489807872	489807872	489807872	489807872	489807872	489807872	489807872	530116608	280268800	280268800	280268800	280268800	574173184	574173184	574173184	574173184	574173184	574173184	574173184	574173184	574173184	574173184
13	5000000	2186385	43896	2769719	27836473	0	10358000	22096266	1	3997231	65587	0.000068	2.108272	0.029507	0.000068	0.000000	0.000128	0.000063	0.000065	0.036752	2.204057	0.029262	472547328	472547328	472547328	472547328	831303680	863285248	907120640	907120640	907120640	907120640	907120640	907120640	907120640	948494336	574173184	574173184	574173184	574173184	1129197568	1129197568	1129197568	1129197568	1129197568	1129197568	1129197568	1129197568	1129197568	1129197568
14	5000000	2317482	45104	2637414	26907699	0	8701626	30797892	0	6314713	110691	0.000087	1.733791	0.014058	0.000066	0.000000	0.000150	0.000062	0.000088	0.067265	1.837231	0.021813	865628160	865628160	865628160	865628160	909574144	928112640	949211136	949211136	949211136	949211136	949211136	949211136	949211136	1048780800	1129197568	1129197568	1129197568	1129197568	1129197568	1129197568	1129197568	1129197568	1129197568	1129197568	1129197568	1129197568	1129197568	1129197568
15	5000000	2184299	29740	2785961	27004443	0	8452933	39250825	1	8499012	140431	0.000064	2.345326	0.014802	0.000070	0.000000	0.000130	0.000064	0.000065	0.071019	2.455068	0.023657	920092672	920092672	920092672	920092672	1524588544	1542062080	1564352512	1564352512	1564352512	1564352512	1564352512	1564352512	1564352512	1642024960	1129197568	1129197568	1129197568	1129197568	2113613824	2113613824	2113613824	2113613824	2113613824	2113613824	2113613824	2113613824	2113613824	2113613824
16	5000000	2277878	97320	2624802	25421026	0	8336624	47587449	0	10776890	237751	0.000065	1.688248	0.014673	0.000066	0.000000	0.000121	0.000060	0.000061	0.044188	1.766899	0.019538	1503100928	1503100928	1503100928	1503100928	1568882688	1587105792	1608101888	1608101888	1608101888	1608101888	1608101888	1608101888	1608101888	1674797056	2113613824	2113613824	2113613824	2113613824	2113613824	2113613824	2113613824	2113613824	2113613824	2113613824	2113613824	2113613824	2113613824	2113613824
17	5000000	2304997	58326	2636677	26502165	0	7836035	55423484	0	13081887	296077	0.000065	1.673916	0.013555	0.000069	0.000000	0.000126	0.000063	0.000064	0.042668	1.748484	0.018086	1608101888	1608101888	1608101888	1608101888	1630789632	1649229824	1670324224	1670324224	1670324224	1670324224	1670324224	1670324224	1670324224	1725964288	2113613824	2113613824	2113613824	2113613824	2113613824	2113613824	2113613824	2113613824	2113613824	2113613824	2113613824	2113613824	2113613824	2113613824
18	5000000	2473861	48806	2477333	24383719	0	6791716	62215200	0	15555748	344883	0.000064	1.671515	0.013064	0.000067	0.000000	0.000123	0.000062	0.000061	0.062446	1.766710	0.019431	1663275008	1663275008	1663275008	1663275008	1677611008	1697402880	1717223424	1717223424	1717223424	1717223424	1717223424	1717223424	1717223424	1775312896	2113613824	2113613824	2113613824	2113613824	2113613824	2113613824	2113613824	2113613824	2113613824	2113613824	2113613824	2113613824	2113613824	2113613824
19	5000000	2578417	55576	2366007	22673628	0	5768148	67983348	1	18134165	400459	0.000064	2.937062	0.013625	0.000084	0.000000	0.000129	0.000064	0.000065	0.043281	3.012683	0.018438	1720975360	1720975360	1720975360	1720975360	2800861184	2821488640	2840416256	2840416256	2840416256	2840416256	2840416256	2840416256	2840416256	2899034112	2113613824	2113613824	2113613824	2113613824	3948236800	3948236800	3948236800	3948236800	3948236800	3948236800	3948236800	3948236800	3948236800	3948236800
20	5000000	2697195	207241	2095564	20321873	0	6040927	74024275	0	20831360	607700	0.000067	1.463020	0.011254	0.000065	0.000000	0.000125	0.000062	0.000063	0.052949	1.546420	0.018938	2852888576	2852888576	2852888576	2852888576	2861215744	2882793472	2899558400	2899558400	2899558400	2899558400	2899558400	2899558400	2899558400	2975420416	3948236800	3948236800	3948236800	3948236800	3948236800	3948236800	3948236800	3948236800	3948236800	3948236800	3948236800	3948236800	3948236800	3948236800
21	5000000	2573318	61195	2365487	22438434	0	5060722	79084997	0	23404678	668895	0.000067	1.476870	0.012204	0.000066	0.000000	0.000125	0.000063	0.000062	0.028039	1.534708	0.017337	2927091712	2927091712	2927091712	2927091712	2927579136	2948165632	2967089152	2967089152	2967089152	2967089152	2967089152	2967089152	2967089152	3007574016	3948236800	3948236800	3948236800	3948236800	3948236800	3948236800	3948236800	3948236800	3948236800	3948236800	3948236800	3948236800	3948236800	3948236800
22	5000000	2682186	96775	2221039	23331495	0	5528956	84613953	0	26086864	765670	0.000066	1.445668	0.011579	0.000067	0.000000	0.000126	0.000062	0.000064	0.029817	1.503189	0.015865	2967085056	2967085056	2967085056	2967085056	2967085056	2988539904	3006308352	3006308352	3006308352	3006308352	3006308352	3006308352	3006308352	3049967616	3948236800	3948236800	3948236800	3948236800	3948236800	3948236800	3948236800	3948236800	3948236800	3948236800	3948236800	3948236800	3948236800	3948236800
23	5000000	2680252	52928	2266820	21295709	0	4844300	89458253	0	28767116	818598	0.000065	1.433991	0.011753	0.000067	0.000000	0.000125	0.000062	0.000063	0.052466	1.513950	0.015483	3049967616	3049967616	3049967616	3049967616	3009966080	3031408640	3049541632	3049541632	3049541632	3049541632	3049541632	3049541632	3049541632	3088871424	3948236800	3948236800	3948236800	3948236800	3948236800	3948236800	3948236800	3948236800	3948236800	3948236800	3948236800	3948236800	3948236800	3948236800
24	5000000	2615312	88535	2296153	20026754	0	4690848	94149101	0	31382428	907133	0.000069	1.397781	0.012933	0.000102	0.000000	0.000129	0.000064	0.000065	0.025210	1.452073	0.015848	3088871424	3088871424	3088871424	3088871424	3048869888	3069792256	3088162816	3088162816	3088162816	3088162816	3088162816	3088162816	3088162816	3125690368	3948236800	3948236800	3948236800	3948236800	3948236800	3948236800	3948236800	3948236800	3948236800	3948236800	3948236800	3948236800	3948236800	3948236800
25	5000000	2673346	141583	2185071	19709752	0	5434587	99583688	0	34055774	1048716	0.000066	1.431934	0.012398	0.000071	0.000000	0.000128	0.000063	0.000065	0.029443	1.489078	0.015038	3125690368	3125690368	3125690368	3125690368	3085688832	3107078144	3124559872	3124559872	3124559872	3124559872	3124559872	3124559872	3124559872	3167707136	3948236800	3948236800	3948236800	3948236800	3948236800	3948236800	3948236800	3948236800	3948236800	3948236800	3948236800	3948236800	3948236800	3948236800
26	5000000	2627994	227056	2144950	19325458	0	5641573	105225261	0	36683768	1275772	0.000066	1.432802	0.010963	0.000065	0.000000	0.000126	0.000063	0.000063	0.056211	1.515401	0.015167	3167707136	3167707136	3167707136	3167707136	3127705600	3148726272	3165884416	3165884416	3165884416	3165884416	3165884416	3165884416	3165884416	3205885952	3948236800	3948236800	3948236800	3948236800	3948236800	3948236800	3948236800	3948236800	3948236800	3948236800	3948236800	3948236800	3948236800	3948236800
27	5000000	2751934	74191	2173875	19471629	0	4378051	109603312	0	39435702	1349963	0.000067	1.419457	0.011845	0.000070	0.000000	0.000128	0.000064	0.000064	0.051356	1.498749	0.015827	3205885952	3205885952	3205885952	3205885952	3165884416	3187900416	3205292032	3205292032	3205292032	3205292032	3205292032	3205292032	3205292032	3245293568	3948236800	3948236800	3948236800	3948236800	3948236800	3948236800	3948236800	3948236800	3948236800	3948236800	3948236800	3948236800	3948236800	3948236800
28	5000000	2686246	171315	2142439	20170324	0	4762300	114365612	0	42121948	1521278	0.000082	1.445524	0.010831	0.000068	0.000000	0.000127	0.000062	0.000065	0.051998	1.524492	0.015861	3245293568	3245293568	3245293568	3245293568	3205292032	3226783744	3243921408	3243921408	3243921408	3243921408	3243921408	3243921408	3243921408	3282509824	3948236800	3948236800	3948236800	3948236800	3948236800	3948236800	3948236800	3948236800	3948236800	3948236800	3948236800	3948236800	3948236800	3948236800
29	5000000	2862366	105448	2032186	18467491	0	4701674	119067286	0	44984314	1626726	0.000082	1.426080	0.010644	0.000066	0.000000	0.000129	0.000064	0.000065	0.025443	1.478147	0.015703	3282509824	3282509824	3282509824	3282509824	3242508288	3265404928	3281661952	3281661952	3281661952	3281661952	3281661952	3281661952	3281661952	3319279616	3948236800	3948236800	3948236800	3948236800	3948236800	3948236800	3948236800	3948236800	3948236800	3948236800	3948236800	3948236800	3948236800	3948236800
30	5000000	3079913	154458	1765629	16283117	0	3397718	122465004	0	48064227	1781184	0.000066	1.358349	0.008991	0.000069	0.000000	0.000127	0.000063	0.000064	0.005986	1.390337	0.016750	3319279616	3319279616	3319279616	3319279616	3279278080	3303919616	3318046720	3318046720	3318046720	3318046720	3318046720	3318046720	3318046720	3321843712	3948236800	3948236800	3948236800	3948236800	3948236800	3948236800	3948236800	3948236800	3948236800	3948236800	3948236800	3948236800	3948236800	3948236800
31	5000000	2936198	218860	1844942	16525129	0	4363879	126828883	0	51000425	2000044	0.000068	1.413247	0.009516	0.000070	0.000000	0.000152	0.000087	0.000065	0.037342	1.476574	0.016178	3321843712	3321843712	3321843712	3321843712	3281842176	3305332736	3320090624	3320090624	3320090624	3320090624	3320090624	3320090624	3320090624	3371700224	3948236800	3948236800	3948236800	3948236800	3948236800	3948236800	3948236800	3948236800	3948236800	3948236800	3948236800	3948236800	3948236800	3948236800
32	5000000	3081132	315290	1603578	15172279	0	3868428	130697311	0	54081557	2315334	0.000068	1.357080	0.008948	0.000081	0.000000	0.000134	0.000067	0.000067	0.034799	1.419433	0.018323	3371700224	3371700224	3371700224	3371700224	3331698688	3356348416	3369177088	3369177088	3369177088	3369177088	3369177088	3369177088	3369177088	3416948736	3948236800	3948236800	3948236800	3948236800	3948236800	3948236800	3948236800	3948236800	3948236800	3948236800	3948236800	3948236800	3948236800	3948236800
33	5000000	3106824	133017	1760159	16258785	0	3276909	133974220	0	57188381	2448351	0.000067	1.369690	0.009569	0.000069	0.000000	0.000130	0.000065	0.000066	0.026875	1.424248	0.017848	3416948736	3416948736	3416948736	3416948736	3376947200	3401801728	3415883776	3415883776	3415883776	3415883776	3415883776	3415883776	3415883776	3451342848	3948236800	3948236800	3948236800	3948236800	3948236800	3948236800	3948236800	3948236800	3948236800	3948236800	3948236800	3948236800	3948236800	3948236800
34	5000000	3032082	254373	1713545	16327175	0	3655409	137629629	1	60220463	2702724	0.000070	3.872446	0.008804	0.000110	0.000000	0.000131	0.000065	0.000066	0.006716	3.905983	0.017705	3451342848	3451342848	3451342848	3451342848	5558824960	5583081472	5596790784	5596790784	5596790784	5596790784	5596790784	5596790784	5596790784	5601333248	3948236800	3948236800	3948236800	3948236800	7786086400	7786086400	7786086400	7786086400	7786086400	7786086400	7786086400	7786086400	7786086400	7786086400
35	5000000	2867519	126379	2006102	18760165	0	4759837	142389466	0	63087982	2829103	0.000067	1.370449	0.010729	0.000067	0.000000	0.000152	0.000062	0.000090	0.030737	1.427570	0.015368	5601333248	5601333248	5601333248	5601333248	5561331712	5584269312	5600317440	5600317440	5600317440	5600317440	5600317440	5600317440	5600317440	5640318976	7786086400	7786086400	7786086400	7786086400	7786086400	7786086400	7786086400	7786086400	7786086400	7786086400	7786086400	7786086400	7786086400	7786086400
36	5000000	2952772	199686	1847542	15984386	0	4197268	146586734	0	66040754	3028789	0.000067	1.294750	0.009915	0.000067	0.000000	0.000127	0.000063	0.000064	0.031075	1.352575	0.016574	5640318976	5640318976	5640318976	5640318976	5600317440	5623939072	5638717440	5638717440	5638717440	5638717440	5638717440	5638717440	5638717440	5680300032	7786086400	7786086400	7786086400	7786086400	7786086400	7786086400	7786086400	7786086400	7786086400	7786086400	7786086400	7786086400	7786086400	7786086400
37	5000000	2788095	279403	1932502	17257292	0	5213367	151800101	0	68828849	3308192	0.000067	1.363175	0.010096	0.000066	0.000000	0.000130	0.000065	0.000065	0.036058	1.426263	0.016671	5680300032	5680300032	5680300032	5680300032	5640298496	5662605312	5678067712	5678067712	5678067712	5678067712	5678067712	5678067712	5678067712	5726863360	7786086400	7786086400	7786086400	7786086400	7786086400	7786086400	7786086400	7786086400	7786086400	7786086400	7786086400	7786086400	7786086400	7786086400
38	5000000	2893122	209262	1897616	17280247	0	4656014	156456115	0	71721971	3517454	0.000065	1.336722	0.010027	0.000067	0.000000	0.000154	0.000085	0.000069	0.032275	1.410872	0.031561	5726863360	5726863360	5726863360	5726863360	5686861824	5732569088	5747748864	5747748864	5747748864	5747748864	5747748864	5747748864	5747748864	5787750400	7786086400	7786086400	7786086400	7786086400	7786086400	7786086400	7786086400	7786086400	7786086400	7786086400	7786086400	7786086400	7786086400	7786086400
39	5000000	2888868	235043	1876089	17052459	0	4375943	160832058	0	74610839	3752497	0.000096	1.295934	0.010027	0.000084	0.000000	0.000133	0.000062	0.000071	0.030345	1.356754	0.020136	5787750400	5787750400	5787750400	5787750400	5747748864	5770862592	5785870336	5785870336	5785870336	5785870336	5785870336	5785870336	5785870336	5825871872	7786086400	7786086400	7786086400	7786086400	7786086400	7786086400	7786086400	7786086400	7786086400	7786086400	7786086400	7786086400	7786086400	7786086400
40	5000000	2855060	132445	2012495	18842181	0	4778722	165610780	0	77465899	3884942	0.000095	1.405106	0.010680	0.000066	0.000000	0.000125	0.000063	0.000063	0.030037	1.461901	0.015792	5825871872	5825871872	5825871872	5825871872	5785870336	5808709632	5824811008	5824811008	5824811008	5824811008	5824811008	5824811008	5824811008	5864812544	7786086400	7786086400	7786086400	7786086400	7786086400	7786086400	7786086400	7786086400	7786086400	7786086400	7786086400	7786086400	7786086400	7786086400
41	5000000	3041074	237954	1720972	16414728	0	4552244	170163024	0	80506973	4122896	0.000067	1.325270	0.008933	0.000065	0.000000	0.000126	0.000063	0.000063	0.029986	1.381732	0.017284	5864812544	5864812544	5864812544	5864812544	5824811008	5849141248	5862907904	5862907904	5862907904	5862907904	5862907904	5862907904	5862907904	5902909440	7786086400	7786086400	7786086400	7786086400	7786086400	7786086400	7786086400	7786086400	7786086400	7786086400	7786086400	7786086400	7786086400	7786086400
42	5000000	3174526	277271	1548203	15438181	0	3805442	173968466	0	83681499	4400167	0.000066	1.319383	0.008251	0.000069	0.000000	0.000126	0.000063	0.000063	0.027011	1.372959	0.018053	5902909440	5902909440	5902909440	5902909440	5862907904	5888303104	5900689408	5900689408	5900689408	5900689408	5900689408	5900689408	5900689408	5936103424	7786086400	7786086400	7786086400	7786086400	7786086400	7786086400	7786086400	7786086400	7786086400	7786086400	7786086400	7786086400	7786086400	7786086400
43	5000000	2979517	182850	1837633	18648858	0	4491751	178460217	0	86661016	4583017	0.000082	1.362276	0.009735	0.000070	0.000000	0.000129	0.000064	0.000065	0.007493	1.396084	0.016300	5936103424	5936103424	5936103424	5936103424	5896101888	5919936512	5934637056	5934637056	5934637056	5934637056	5934637056	5934637056	5934637056	5939224576	7786086400	7786086400	7786086400	7786086400	7786086400	7786086400	7786086400	7786086400	7786086400	7786086400	7786086400	7786086400	7786086400	7786086400
44	5000000	2670232	77885	2251883	22095664	0	5443682	183903899	0	89331248	4660902	0.000066	1.520991	0.011581	0.000066	0.000000	0.000126	0.000063	0.000064	0.026958	1.574205	0.014418	5939224576	5939224576	5939224576	5939224576	5899223040	5920587776	5938601984	5938601984	5938601984	5938601984	5938601984	5938601984	5938601984	5973504000	7786086400	7786086400	7786086400	7786086400	7786086400	7786086400	7786086400	7786086400	7786086400	7786086400	7786086400	7786086400	7786086400	7786086400
45	5000000	2697062	135278	2167660	19535063	0	5364203	189268102	0	92028310	4796180	0.000069	1.467367	0.011103	0.000085	0.000000	0.000125	0.000062	0.000063	0.009017	1.527614	0.039849	5973504000	5973504000	5973504000	5973504000	5933502464	5993447424	6010789888	6010789888	6010789888	6010789888	6010789888	6010789888	6010789888	6015893504	7786086400	7786086400	7786086400	7786086400	7786086400	7786086400	7786086400	7786086400	7786086400	7786086400	7786086400	7786086400	7786086400	7786086400
46	5000000	2716820	169571	2113609	19177540	0	5014438	194282540	0	94745130	4965751	0.000068	1.444812	0.010989	0.000067	0.000000	0.000126	0.000062	0.000064	0.031143	1.503740	0.016535	6015893504	6015893504	6015893504	6015893504	5975891968	5998985216	6015893504	6015893504	6015893504	6015893504	6015893504	6015893504	6015893504	6055895040	7786086400	7786086400	7786086400	7786086400	7786086400	7786086400	7786086400	7786086400	7786086400	7786086400	7786086400	7786086400	7786086400	7786086400
47	5000000	2800981	86651	2112368	20663109	0	4686028	198968568	0	97546111	5052402	0.000067	1.449677	0.010792	0.000067	0.000000	0.000158	0.000091	0.000067	0.005015	1.481182	0.015406	6055895040	6055895040	6055895040	6055895040	6055895040	6078992384	6095892480	6095892480	6095892480	6095892480	6095892480	6095892480	6095892480	6095892480	7786086400	7786086400	7786086400	7786086400	7786086400	7786086400	7786086400	7786086400	7786086400	7786086400	7786086400	7786086400	7786086400	7786086400
48	5000000	2938371	82891	1978738	18648172	0	4215448	203184016	0	100484482	5135293	0.000067	1.428472	0.012032	0.000067	0.000000	0.000127	0.000063	0.000065	0.021776	1.478960	0.016418	6095892480	6095892480	6095892480	6095892480	6055890944	6080061440	6095892480	6095892480	6095892480	6095892480	6095892480	6095892480	6095892480	6124609536	7786086400	7786086400	7786086400	7786086400	7786086400	7786086400	7786086400	7786086400	7786086400	7786086400	7786086400	7786086400	7786086400	7786086400
49	5000000	3066848	198475	1734677	16049777	0	3993984	207178000	0	103551330	5333768	0.000068	1.378924	0.008962	0.000066	0.000000	0.000127	0.000063	0.000065	0.030009	1.436119	0.017963	6124609536	6124609536	6124609536	6124609536	6084608000	6110732288	6124609536	6124609536	6124609536	6124609536	6124609536	6124609536	6124609536	6164611072	7786086400	7786086400	7786086400	7786086400	7786086400	7786086400	7786086400	7786086400	7786086400	7786086400	7786086400	7786086400	7786086400	7786086400
50	5000000	3150764	158960	1690276	16600666	0	3538305	210716305	0	106702094	5492728	0.000066	1.391036	0.008792	0.000108	0.000000	0.000129	0.000063	0.000066	0.029667	1.450964	0.021166	6164611072	6164611072	6164611072	6164611072	6164611072	6191087616	6204608512	6204608512	6204608512	6204608512	6204608512	6204608512	6204608512	6244610048	7786086400	7786086400	7786086400	7786086400	7786086400	7786086400	7786086400	7786086400	7786086400	7786086400	7786086400	7786086400	7786086400	7786086400
51	5000000	2937276	87146	1975578	18434926	0	3737916	214454221	0	109639370	5579874	0.000068	1.429093	0.010602	0.000083	0.000000	0.000144	0.000078	0.000066	0.040691	1.506057	0.025376	6244610048	6244610048	6244610048	6244610048	6148337664	6172536832	6188343296	6188343296	6188343296	6188343296	6188343296	6188343296	6188343296	6249185280	7786086400	7786086400	7786086400	7786086400	7786086400	7786086400	7786086400	7786086400	7786086400	7786086400	7786086400	7786086400	7786086400	7786086400
52	5000000	3083322	130587	1786091	16671144	0	3767000	218221221	0	112722692	5710461	0.000083	1.478455	0.009747	0.000071	0.000000	0.000140	0.000072	0.000068	0.020732	1.527257	0.018029	6108172288	6108172288	6108172288	6108172288	6138179584	6163890176	6178177024	6178177024	6178177024	6178177024	6178177024	6178177024	6178177024	6208315392	7786086400	7786086400	7786086400	7786086400	7786086400	7786086400	7786086400	7786086400	7786086400	7786086400	7786086400	7786086400	7786086400	7786086400
53	5000000	3020621	151085	1828294	16714378	0	4162522	222383743	0	115743313	5861546	0.000067	1.450518	0.009523	0.000065	0.000000	0.000129	0.000064	0.000065	0.030154	1.511500	0.021044	6208315392	6208315392	6208315392	6208315392	6201614336	6226989056	6241615872	6241615872	6241615872	6241615872	6241615872	6241615872	6241615872	6281617408	7786086400	7786086400	7786086400	7786086400	7786086400	7786086400	7786086400	7786086400	7786086400	7786086400	7786086400	7786086400	7786086400	7786086400
54	5000000	3198233	105712	1696055	15800168	0	3357783	225741526	0	118941546	5967258	0.000067	1.386251	0.008669	0.000083	0.000000	0.000129	0.000064	0.000065	0.036205	1.449006	0.017602	6248316928	6248316928	6248316928	6248316928	6210195456	6236622848	6250192896	6250192896	6250192896	6250192896	6250192896	6250192896	6250192896	6297280512	7786086400	7786086400	7786086400	7786086400	7786086400	7786086400	7786086400	7786086400	7786086400	7786086400	7786086400	7786086400	7786086400	7786086400
55	5000000	3345533	157421	1497046	14164072	0	3211233	228952759	0	122287079	6124679	0.000069	1.344260	0.007690	0.000066	0.000000	0.000127	0.000064	0.000064	0.025532	1.402899	0.025155	6297280512	6297280512	6297280512	6297280512	6257278976	6285303808	6297280512	6297280512	6297280512	6297280512	6297280512	6297280512	6297280512	6332567552	7786086400	7786086400	7786086400	7786086400	7786086400	7786086400	7786086400	7786086400	7786086400	7786086400	7786086400	7786086400	7786086400	7786086400
56	5000000	3312709	281807	1405484	12783578	0	2864510	231817269	0	125599788	6406486	0.000084	1.373073	0.007638	0.000096	0.000000	0.000129	0.000064	0.000064	0.015880	1.419742	0.022842	6224158720	6224158720	6224158720	6224158720	6246944768	6275702784	6286946304	6286946304	6286946304	6286946304	6286946304	6286946304	6286946304	6309863424	7786086400	7786086400	7786086400	7786086400	7786086400	7786086400	7786086400	7786086400	7786086400	7786086400	7786086400	7786086400	7786086400	7786086400
57	5000000	3239646	162083	1598271	14525469	0	3273100	235090369	0	128839434	6568569	0.000068	1.401371	0.008411	0.000080	0.000000	0.000127	0.000063	0.000064	0.029768	1.460234	0.020410	6309863424	6309863424	6309863424	6309863424	6296051712	6323265536	6336049152	6336049152	6336049152	6336049152	6336049152	6336049152	6336049152	6376050688	7786086400	7786086400	7786086400	7786086400	7786086400	7786086400	7786086400	7786086400	7786086400	7786086400	7786086400	7786086400	7786086400	7786086400
58	5000000	3382294	136023	1481683	13696897	0	3167481	238257850	0	132221728	6704592	0.000069	1.379447	0.007796	0.000067	0.000000	0.000142	0.000062	0.000080	0.035892	1.442425	0.019011	6313259008	6313259008	6313259008	6313259008	6298468352	6326611968	6338465792	6338465792	6338465792	6338465792	6338465792	6338465792	6338465792	6393532416	7786086400	7786086400	7786086400	7786086400	7786086400	7786086400	7786086400	7786086400	7786086400	7786086400	7786086400	7786086400	7786086400	7786086400
59	3715713	2437977	132652	1145084	10228557	0	2431252	240689102	0	134659705	6837244	0.000084	1.039940	0.006049	0.000069	0.000000	0.000144	0.000063	0.000080	0.013728	1.076464	0.016450	6393532416	6393532416	6393532416	6393532416	6317916160	6338482176	6347644928	6347644928	6347644928	6347644928	6347644928	6347644928	6347644928	6367092736	7786086400	7786086400	7786086400	7786086400	7786086400	7786086400	7786086400	7786086400	7786086400	7786086400	7786086400	7786086400	7786086400	7786086400
60	2431252	1661469	43476	726307	6917128	0	1734300	242423402	0	136321174	6880720	0.000069	0.658839	0.003798	0.000086	0.000000	0.000129	0.000064	0.000065	0.001776	0.674246	0.009548	6367092736	6367092736	6367092736	6367092736	6376263680	6389903360	6395711488	6395711488	6395711488	6395711488	6395711488	6395711488	6395711488	6395711488	7786086400	7786086400	7786086400	7786086400	7786086400	7786086400	7786086400	7786086400	7786086400	7786086400	7786086400	7786086400	7786086400	7786086400
61	1734300	1061618	35967	636715	5575882	0	1433914	243857316	0	137382792	6916687	0.000069	0.490652	0.003351	0.000065	0.000000	0.000147	0.000080	0.000067	0.001569	0.502339	0.006485	6395711488	6395711488	6395711488	6395711488	6395711488	6404493312	6409588736	6409588736	6409588736	6409588736	6409588736	6409588736	6409588736	6409588736	7786086400	7786086400	7786086400	7786086400	7786086400	7786086400	7786086400	7786086400	7786086400	7786086400	7786086400	7786086400	7786086400	7786086400
62	1433914	961266	20350	452298	4456304	0	1087793	244945109	0	138344058	6937037	0.000067	0.424204	0.002162	0.000069	0.000000	0.000129	0.000064	0.000065	0.001192	0.433681	0.005857	6409588736	6409588736	6409588736	6409588736	6377676800	6385528832	6389145600	6389145600	6389145600	6389145600	6389145600	6389145600	6389145600	6389145600	7786086400	7786086400	7786086400	7786086400	7786086400	7786086400	7786086400	7786086400	7786086400	7786086400	7786086400	7786086400	7786086400	7786086400
63	1087793	645899	31099	410795	3488111	0	864366	245809475	0	138989957	6968136	0.000067	0.307550	0.002061	0.000071	0.000000	0.000131	0.000064	0.000066	0.000986	0.315226	0.004362	6389145600	6389145600	6389145600	6389145600	6389145600	6394560512	6397849600	6397849600	6397849600	6397849600	6397849600	6397849600	6397849600	6397849600	7786086400	7786086400	7786086400	7786086400	7786086400	7786086400	7786086400	7786086400	7786086400	7786086400	7786086400	7786086400	7786086400	7786086400
64	864366	619040	14269	231057	2240232	0	488986	246298461	0	139608997	6982405	0.000075	0.223400	0.001113	0.000080	0.000000	0.000145	0.000079	0.000066	0.000822	0.229818	0.004184	6397849600	6397849600	6397849600	6397849600	6397849600	6402916352	6404763648	6404763648	6404763648	6404763648	6404763648	6404763648	6404763648	6404763648	7786086400	7786086400	7786086400	7786086400	7786086400	7786086400	7786086400	7786086400	7786086400	7786086400	7786086400	7786086400	7786086400	7786086400
65	488986	304920	22469	161597	1278023	0	305630	246604091	0	139913917	7004874	0.000077	0.129160	0.000840	0.000080	0.000000	0.000146	0.000080	0.000065	0.000652	0.133275	0.002319	6404763648	6404763648	6404763648	6404763648	6404763648	6407385088	6408675328	6408675328	6408675328	6408675328	6408675328	6408675328	6408675328	6408675328	7786086400	7786086400	7786086400	7786086400	7786086400	7786086400	7786086400	7786086400	7786086400	7786086400	7786086400	7786086400	7786086400	7786086400
66	305630	242016	3906	59708	550295	0	112959	246717050	0	140155933	7008780	0.000066	0.070089	0.000377	0.000078	0.000000	0.000142	0.000078	0.000063	0.000232	0.072962	0.001978	6408675328	6408675328	6408675328	6408675328	6408675328	6410645504	6411124736	6411124736	6411124736	6411124736	6411124736	6411124736	6411124736	6411124736	7786086400	7786086400	7786086400	7786086400	7786086400	7786086400	7786086400	7786086400	7786086400	7786086400	7786086400	7786086400	7786086400	7786086400
67	112959	72374	7976	32609	227049	0	59069	246776119	0	140228307	7016756	0.000065	0.026549	0.000254	0.000069	0.000000	0.000128	0.000063	0.000065	0.000190	0.028338	0.001082	6411124736	6411124736	6411124736	6411124736	6411124736	6411763712	6412025856	6412025856	6412025856	6412025856	6412025856	6412025856	6412025856	6412025856	7786086400	7786086400	7786086400	7786086400	7786086400	7786086400	7786086400	7786086400	7786086400	7786086400	7786086400	7786086400	7786086400	7786086400
68	59069	50987	592	7490	66188	0	13645	246789764	0	140279294	7017348	0.000066	0.011700	0.000130	0.000063	0.000000	0.000118	0.000059	0.000060	0.000136	0.013098	0.000884	6412025856	6412025856	6412025856	6412025856	6412025856	6412435456	6412492800	6412492800	6412492800	6412492800	6412492800	6412492800	6412492800	6412492800	7786086400	7786086400	7786086400	7786086400	7786086400	7786086400	7786086400	7786086400	7786086400	7786086400	7786086400	7786086400	7786086400	7786086400
69	13645	8145	1380	4120	24017	0	8364	246798128	0	140287439	7018728	0.000066	0.003133	0.000136	0.000068	0.000000	0.000138	0.000062	0.000076	0.000121	0.004347	0.000686	6412492800	6412492800	6412492800	6412492800	6412492800	6412570624	6412603392	6412603392	6412603392	6412603392	6412603392	6412603392	6412603392	6412603392	7786086400	7786086400	7786086400	7786086400	7786086400	7786086400	7786086400	7786086400	7786086400	7786086400	7786086400	7786086400	7786086400	7786086400
70	8364	7241	123	1000	8701	0	2757	246800885	0	140294680	7018851	0.000077	0.001722	0.000100	0.000068	0.000000	0.000152	0.000077	0.000075	0.000118	0.002915	0.000678	6412603392	6412603392	6412603392	6412603392	6412603392	6412664832	6412673024	6412673024	6412673024	6412673024	6412673024	6412673024	6412673024	6412673024	7786086400	7786086400	7786086400	7786086400	7786086400	7786086400	7786086400	7786086400	7786086400	7786086400	7786086400	7786086400	7786086400	7786086400
71	2757	1778	130	849	4693	0	1925	246802810	0	140296458	7018981	0.000065	0.000749	0.000083	0.000062	0.000000	0.000117	0.000058	0.000059	0.000116	0.001871	0.000680	6412673024	6412673024	6412673024	6412673024	6412673024	6412685312	6412693504	6412693504	6412693504	6412693504	6412693504	6412693504	6412693504	6412693504	7786086400	7786086400	7786086400	7786086400	7786086400	7786086400	7786086400	7786086400	7786086400	7786086400	7786086400	7786086400	7786086400	7786086400
72	1925	1865	3	57	421	0	223	246803033	0	140298323	7018984	0.000065	0.000437	0.000070	0.000069	0.000000	0.000122	0.000061	0.000061	0.000115	0.001529	0.000651	6412693504	6412693504	6412693504	6412693504	6412693504	6412709888	6412709888	6412709888	6412709888	6412709888	6412709888	6412709888	6412709888	6412709888	7786086400	7786086400	7786086400	7786086400	7786086400	7786086400	7786086400	7786086400	7786086400	7786086400	7786086400	7786086400	7786086400	7786086400
73	223	157	1	65	297	0	134	246803167	0	140298480	7018985	0.000065	0.000207	0.000067	0.000061	0.000000	0.000117	0.000058	0.000059	0.000114	0.001190	0.000560	6412709888	6412709888	6412709888	6412709888	6412709888	6412709888	6412709888	6412709888	6412709888	6412709888	6412709888	6412709888	6412709888	6412709888	7786086400	7786086400	7786086400	7786086400	7786086400	7786086400	7786086400	7786086400	7786086400	7786086400	7786086400	7786086400	7786086400	7786086400
74	134	134	0	0	0	0	0	246803167	0	140298614	7018985	0.000065	0.000136	0.000062	0.000060	0.000000	0.000117	0.000058	0.000059	0.000072	0.001403	0.000891	6412709888	6412709888	6412709888	6412709888	6412709888	6412709888	6412709888	6412709888	6412709888	6412709888	6412709888	6412709888	6412709888	6412709888	7786086400	7786086400	7786086400	7786086400	7786086400	7786086400	7786086400	7786086400	7786086400	7786086400	7786086400	7786086400	7786086400	7786086400
