dat: 213 ファイル / 246803167 局面
初期化: 60.88 秒 (キャッチ 140298614 / トライ負け 7018985 / キャッチ抜きの数が 0 で先に決めた 6254985)
nd	frontier	candidates	kept	found	sec
1	7018985	51583254	10054375	9118571	4.048
2	9118571	42524269	36925208	9343557	3.970
3	9343557	38691794	32779235	11574858	3.520
4	11574858	53296286	46277588	5625607	6.155
5	5625607	33903953	31277842	7758524	3.213
6	7758524	36239346	33201511	4431632	4.334
7	4431632	31461714	29440932	5806000	3.015
8	5806000	26780269	24911042	3553141	3.314
9	3553141	25891611	24639726	4374554	2.585
10	4374554	21731390	20273868	3049518	2.686
11	3049518	21361970	20427709	3385884	2.193
12	3385884	17710832	16558995	2471063	2.175
13	2471063	16844054	16135659	2601564	1.754
14	2601564	14206056	13317954	2004440	1.732
15	2004440	13483158	12902269	2050005	1.417
16	2050005	11521885	10835596	1640784	1.390
17	1640784	10892017	10428248	1625762	1.148
18	1625762	9293160	8762168	1339578	1.125
19	1339578	8782562	8412671	1302365	0.927
20	1302365	7561882	7148024	1097606	0.907
21	1097606	7123405	6819630	1056182	0.755
22	1056182	6206557	5882408	907570	0.741
23	907570	5901103	5640560	879839	0.622
24	879839	5178071	4918776	755530	0.619
25	755530	4909495	4682881	738685	0.519
26	738685	4350351	4138472	629301	0.521
27	629301	4085156	3891047	622759	0.431
28	622759	3665621	3494484	523600	0.436
29	523600	3415645	3249585	532465	0.358
30	532465	3131088	2991296	445492	0.374
31	445492	2889693	2749746	447388	0.304
32	447388	2621915	2509052	368549	0.314
33	368549	2385145	2268369	371249	0.251
34	371249	2160318	2068809	297087	0.259
35	297087	1924740	1830411	307586	0.203
36	307586	1787750	1712242	243038	0.212
37	243038	1562754	1485569	251833	0.164
38	251833	1470076	1408845	200882	0.179
39	200882	1298719	1235596	213800	0.138
40	213800	1256101	1204166	172590	0.150
41	172590	1122042	1065833	182828	0.117
42	182828	1069444	1023517	146435	0.128
43	146435	947129	901264	152949	0.100
44	152949	903859	864801	128339	0.109
45	128339	825273	787323	129336	0.089
46	129336	765125	731959	108732	0.096
47	108732	691341	658944	106630	0.074
48	106630	624008	597202	92098	0.077
49	92098	596686	567830	92339	0.063
50	92339	539023	515952	78398	0.065
51	78398	506113	482030	77965	0.053
52	77965	455704	436876	67957	0.054
53	67957	433417	413327	66385	0.046
54	66385	395435	378452	59061	0.046
55	59061	367729	351015	54680	0.041
56	54680	325262	311200	48814	0.039
57	48814	301250	287424	44427	0.033
58	44427	271476	259519	41216	0.032
59	41216	259624	247480	41048	0.027
60	41048	244070	233506	35547	0.029
61	35547	226779	215363	36390	0.024
62	36390	222141	212136	32328	0.027
63	32328	202409	192245	31802	0.022
64	31802	192994	184085	27666	0.023
65	27666	174144	165666	27045	0.019
66	27045	163062	155786	23973	0.019
67	23973	151812	144963	24053	0.016
68	24053	150996	143812	22573	0.017
69	22573	140197	133656	22373	0.015
70	22373	140145	133486	21037	0.016
71	21037	129028	123343	20364	0.014
72	20364	128722	122518	19439	0.014
73	19439	122675	117340	20522	0.013
74	20522	131891	125825	19111	0.016
75	19111	127017	121060	22325	0.013
76	22325	137761	131740	18396	0.016
77	18396	117909	112523	20488	0.013
78	20488	122427	117296	16274	0.014
79	16274	103510	98777	18914	0.011
80	18914	112339	107889	14430	0.014
81	14430	91704	87157	16409	0.010
82	16409	95072	91904	11686	0.011
83	11686	76129	72413	14932	0.008
84	14932	87859	84677	10874	0.010
85	10874	71639	68101	13943	0.007
86	13943	81177	78294	10461	0.010
87	10461	73390	69975	14920	0.007
88	14920	89008	85713	11199	0.010
89	11199	77301	73253	14980	0.008
90	14980	89988	86528	11101	0.010
91	11101	74655	71452	14351	0.009
92	14351	86059	82440	10985	0.010
93	10985	69240	65536	13163	0.007
94	13163	75450	72883	9046	0.009
95	9046	58623	55243	11666	0.006
96	11666	70959	68388	8137	0.008
97	8137	52626	49670	10825	0.005
98	10825	63120	60858	7242	0.007
99	7242	49010	46125	10956	0.005
100	10956	63583	61093	7163	0.007
101	7163	49311	46174	10152	0.005
102	10152	57335	55279	6611	0.007
103	6611	45101	42411	9704	0.005
104	9704	56626	54639	7183	0.007
105	7183	48376	45581	9481	0.005
106	9481	56362	54343	7678	0.006
107	7678	52420	49475	10026	0.005
108	10026	59664	57691	8041	0.007
109	8041	52693	50154	9485	0.005
110	9485	57299	54995	7956	0.006
111	7956	50402	48253	8499	0.005
112	8499	53308	50886	8098	0.006
113	8098	50183	48138	8163	0.005
114	8163	51705	49312	7513	0.006
115	7513	44886	43060	6876	0.005
116	6876	44060	41931	6501	0.005
117	6501	37014	35452	5906	0.005
118	5906	36798	34997	5560	0.004
119	5560	33833	32405	5666	0.004
120	5666	39681	37724	6656	0.004
121	6656	40189	38685	6559	0.005
122	6559	42340	40424	6124	0.004
123	6124	38030	36401	6454	0.004
124	6454	41681	39878	5329	0.005
125	5329	31728	30264	5252	0.003
126	5252	33884	32225	4508	0.004
127	4508	26931	25728	3883	0.003
128	3883	25661	24297	3744	0.003
129	3744	21064	20124	3229	0.002
130	3229	21219	20152	3197	0.002
131	3197	17829	17157	2579	0.002
132	2579	16534	15832	2299	0.002
133	2299	13175	12712	2099	0.001
134	2099	13468	12975	1674	0.001
135	1674	9891	9421	1631	0.001
136	1631	10780	10388	1479	0.001
137	1479	8923	8457	1656	0.001
138	1656	10536	9936	1491	0.001
139	1491	10349	9522	2079	0.001
140	2079	12740	12181	1693	0.001
141	1693	10896	10177	1801	0.001
142	1801	10037	9408	1335	0.001
143	1335	8294	7856	1164	0.001
144	1164	7093	6665	1046	0.001
145	1046	6854	6566	1068	0.001
146	1068	6240	5869	868	0.001
147	868	4469	4255	509	0.001
148	509	2853	2705	361	0.000
149	361	2187	2087	283	0.000
150	283	1658	1534	300	0.000
151	300	1906	1842	295	0.000
152	295	1725	1659	266	0.000
153	266	2201	2079	336	0.000
154	336	1661	1595	164	0.000
155	164	1314	1196	289	0.000
156	289	1465	1427	133	0.000
157	133	945	887	195	0.000
158	195	997	970	111	0.000
159	111	705	679	110	0.000
160	110	580	574	94	0.000
161	94	528	516	64	0.000
162	64	417	407	65	0.000
163	65	364	357	16	0.000
164	16	78	76	9	0.000
165	9	68	60	24	0.000
166	24	98	98	7	0.000
167	7	37	37	22	0.000
168	22	157	148	11	0.000
169	11	61	59	17	0.000
170	17	119	116	4	0.000
171	4	30	26	8	0.000
172	8	48	48	3	0.000
173	3	28	26	12	0.000
174	12	63	59	0	0.000
書き出し: 全探索の側 0.730 秒 / 手数ごと 0.484 秒 / 引き分けを拾う 1.860 秒 (2682700 局面) / 引き分けを書く 0.014 秒
一致の検査 (flip): 246803167 局面のうち, 食い違い 0 局面 => PASS
version	label	init_sec	loop_sec	steps	expanded	candidates	kept	drop_none	drop_catch	drop_try	zero_first	mismatch	w_fwd_sec	w_ret_sec	draw_sec	w_uk_sec	draws
RESULT	flip	a6_flip	60.877	61.144	174	103821853	578723910	495730952	82992958	0	0	6254985	0	0.730	0.484	1.860	0.014	2682700
