dat: 213 ファイル / 246803167 局面
初期化: 59.08 秒 (キャッチ 140298614 / トライ負け 7018985 / キャッチ抜きの数が 0 で先に決めた 6254985)
nd	frontier	candidates	kept	found	sec
1	7018985	70554039	10054375	9118571	4.103
2	9118571	95912321	36925208	9343557	6.343
3	9343557	123186678	32779235	11574858	7.978
4	11574858	82489162	46277588	5625607	6.711
5	5625607	79980849	31277842	7758524	5.339
6	7758524	60057464	33201511	4431632	4.981
7	4431632	64685987	29440932	5806000	4.343
8	5806000	46629055	24911042	3553141	3.950
9	3553141	48870869	24639726	4374554	3.465
10	4374554	37574130	20273868	3049518	3.200
11	3049518	39972575	20427709	3385884	2.900
12	3385884	30269317	16558995	2471063	2.590
13	2471063	31188438	16135659	2601564	2.296
14	2601564	24172069	13317954	2004440	2.069
15	2004440	24751199	12902269	2050005	1.834
16	2050005	19582105	10835596	1640784	1.668
17	1640784	19894389	10428248	1625762	1.474
18	1625762	15876467	8762168	1339578	1.350
19	1339578	15963803	8412671	1302365	1.189
20	1302365	12937642	7148024	1097606	1.097
21	1097606	12909753	6819630	1056182	0.956
22	1056182	10682646	5882408	907570	0.898
23	907570	10598277	5640560	879839	0.787
24	879839	8999745	4918776	755530	0.759
25	755530	8761501	4682881	738685	0.650
26	738685	7601493	4138472	629301	0.638
27	629301	7232295	3891047	622759	0.540
28	622759	6403322	3494484	523600	0.537
29	523600	6018983	3249585	532465	0.447
30	532465	5499778	2991296	445492	0.462
31	445492	5067513	2749746	447388	0.374
32	447388	4605041	2509052	368549	0.391
33	368549	4187296	2268369	371249	0.311
34	371249	3809016	2068809	297087	0.320
35	297087	3363757	1830411	307586	0.254
36	307586	3155259	1712242	243038	0.267
37	243038	2726326	1485569	251833	0.203
38	251833	2599816	1408845	200882	0.217
39	200882	2257262	1235596	213800	0.171
40	213800	2215304	1204166	172590	0.187
41	172590	1953234	1065833	182828	0.146
42	182828	1888844	1023517	146435	0.159
43	146435	1647891	901264	152949	0.123
44	152949	1585318	864801	128339	0.133
45	128339	1441770	787323	129336	0.108
46	129336	1338222	731959	108732	0.114
47	108732	1200309	658944	106630	0.093
48	106630	1094687	597202	92098	0.093
49	92098	1023288	567830	92339	0.077
50	92339	959733	515952	78398	0.081
51	78398	882535	482030	77965	0.065
52	77965	814002	436876	67957	0.068
53	67957	756104	413327	66385	0.057
54	66385	698400	378452	59061	0.058
55	59061	643624	351015	54680	0.048
56	54680	574870	311200	48814	0.048
57	48814	529350	287424	44427	0.039
58	44427	476652	259519	41216	0.039
59	41216	458614	247480	41048	0.035
60	41048	440459	233506	35547	0.036
61	35547	395826	215363	36390	0.029
62	36390	393104	212136	32328	0.032
63	32328	365497	192245	31802	0.027
64	31802	344854	184085	27666	0.029
65	27666	304503	165666	27045	0.024
66	27045	290432	155786	23973	0.024
67	23973	265914	144963	24053	0.020
68	24053	267502	143812	22573	0.023
69	22573	251339	133656	22373	0.020
70	22373	248216	133486	21037	0.020
71	21037	234664	123343	20364	0.017
72	20364	223527	122518	19439	0.018
73	19439	223180	117340	20522	0.016
74	20522	234015	125825	19111	0.019
75	19111	226902	121060	22325	0.016
76	22325	247863	131740	18396	0.020
77	18396	213886	112523	20488	0.016
78	20488	224338	117296	16274	0.018
79	16274	185006	98777	18914	0.013
80	18914	207445	107889	14430	0.017
81	14430	161504	87157	16409	0.012
82	16409	177364	91904	11686	0.014
83	11686	131818	72413	14932	0.010
84	14932	159005	84677	10874	0.014
85	10874	125255	68101	13943	0.010
86	13943	147982	78294	10461	0.012
87	10461	123715	69975	14920	0.009
88	14920	165076	85713	11199	0.013
89	11199	131291	73253	14980	0.009
90	14980	163183	86528	11101	0.013
91	11101	127381	71452	14351	0.009
92	14351	155748	82440	10985	0.012
93	10985	119796	65536	13163	0.009
94	13163	137994	72883	9046	0.011
95	9046	101175	55243	11666	0.007
96	11666	127436	68388	8137	0.011
97	8137	92796	49670	10825	0.007
98	10825	117297	60858	7242	0.010
99	7242	82155	46125	10956	0.006
100	10956	118995	61093	7163	0.010
101	7163	83252	46174	10152	0.006
102	10152	109317	55279	6611	0.009
103	6611	77876	42411	9704	0.005
104	9704	104374	54639	7183	0.008
105	7183	83669	45581	9481	0.006
106	9481	105499	54343	7678	0.008
107	7678	91418	49475	10026	0.006
108	10026	111771	57691	8041	0.009
109	8041	91388	50154	9485	0.007
110	9485	103563	54995	7956	0.008
111	7956	89185	48253	8499	0.007
112	8499	94836	50886	8098	0.008
113	8098	89951	48138	8163	0.007
114	8163	91769	49312	7513	0.007
115	7513	81757	43060	6876	0.006
116	6876	76364	41931	6501	0.006
117	6501	69006	35452	5906	0.005
118	5906	65243	34997	5560	0.005
119	5560	61936	32405	5666	0.005
120	5666	66483	37724	6656	0.005
121	6656	73881	38685	6559	0.006
122	6559	72577	40424	6124	0.006
123	6124	68584	36401	6454	0.005
124	6454	70194	39878	5329	0.006
125	5329	56392	30264	5252	0.004
126	5252	58633	32225	4508	0.005
127	4508	49591	25728	3883	0.004
128	3883	45223	24297	3744	0.004
129	3744	39355	20124	3229	0.003
130	3229	36403	20152	3197	0.003
131	3197	33002	17157	2579	0.003
132	2579	27768	15832	2299	0.002
133	2299	24353	12712	2099	0.002
134	2099	22995	12975	1674	0.002
135	1674	18351	9421	1631	0.001
136	1631	17921	10388	1479	0.001
137	1479	15783	8457	1656	0.001
138	1656	18943	9936	1491	0.001
139	1491	18003	9522	2079	0.001
140	2079	24326	12181	1693	0.002
141	1693	19725	10177	1801	0.001
142	1801	19384	9408	1335	0.001
143	1335	15690	7856	1164	0.001
144	1164	13481	6665	1046	0.001
145	1046	12679	6566	1068	0.001
146	1068	11515	5869	868	0.001
147	868	9299	4255	509	0.001
148	509	4898	2705	361	0.000
149	361	3878	2087	283	0.000
150	283	3063	1534	300	0.000
151	300	3450	1842	295	0.000
152	295	3215	1659	266	0.000
153	266	3296	2079	336	0.000
154	336	3215	1595	164	0.000
155	164	2096	1196	289	0.000
156	289	2757	1427	133	0.000
157	133	1560	887	195	0.000
158	195	1982	970	111	0.000
159	111	1270	679	110	0.000
160	110	1174	574	94	0.000
161	94	951	516	64	0.000
162	64	768	407	65	0.000
163	65	619	357	16	0.000
164	16	180	76	9	0.000
165	9	112	60	24	0.000
166	24	230	98	7	0.000
167	7	71	37	22	0.000
168	22	273	148	11	0.000
169	11	96	59	17	0.000
170	17	147	116	4	0.000
171	4	32	26	8	0.000
172	8	80	48	3	0.000
173	3	28	26	12	0.000
174	12	106	59	0	0.000
一致の検査 (drop): 246803167 局面のうち, 食い違い 0 局面 => PASS
version	label	init_sec	loop_sec	steps	expanded	candidates	kept	drop_none	drop_catch	drop_try	zero_first	mismatch
RESULT	drop	a2_drop	59.078	80.703	174	103821853	1094348081	495730952	256947768	341669361	0	6254985	0
